0.202952 0.697784 0.099264
0.312698 0.616510 0.070792
0.305815 0.626901 0.067284
0.302629 0.623510 0.073861
0.319935 0.611299 0.068766
0.304829 0.620324 0.074847
0.295353 0.640297 0.064350
0.322550 0.598829 0.078621
0.491651 0.452252 0.056097
0.514377 0.421910 0.063713
0.321721 0.607124 0.071155
0.345223 0.593524 0.061253
0.274547 0.640054 0.085399
0.317554 0.614578 0.067869
0.337342 0.586427 0.076232
0.359191 0.579216 0.061594
0.300469 0.622855 0.076676
0.387319 0.542551 0.070130
0.428128 0.521047 0.050825
0.270072 0.659610 0.070317
0.269484 0.663224 0.067292
0.273565 0.651251 0.075183
0.300657 0.627593 0.071749
0.309621 0.615625 0.074754
0.316883 0.595503 0.087614
0.301375 0.641341 0.057284
0.318200 0.612334 0.069466
0.281272 0.640433 0.078295
0.097609 0.876999 0.025391
0.140969 0.844826 0.014205
0.033999 0.943810 0.022191
0.339125 0.651425 0.009450
0.526962 0.460273 0.012764
0.072628 0.882944 0.044428
0.024381 0.955265 0.020354
0.028201 0.948032 0.023767
0.094372 0.888333 0.017294
0.334798 0.650196 0.015006
0.039432 0.932620 0.027949
0.195459 0.785530 0.019011
0.070887 0.909688 0.019425
0.505540 0.475168 0.019292
0.032705 0.945698 0.021597
0.036039 0.927918 0.036043
0.030663 0.949597 0.019740
0.032721 0.941880 0.025398
0.155600 0.831970 0.012431
0.620418 0.362486 0.017095
0.451229 0.543424 0.005347
0.900187 0.064397 0.035416
0.937086 0.015391 0.047523
0.933067 0.037851 0.029082
0.939811 0.007385 0.052805
0.938989 0.015364 0.045647
0.938723 0.032381 0.028895
0.908176 0.055275 0.036550
0.941735 0.013996 0.044269
0.928176 0.014644 0.057180
0.925570 0.019713 0.054717
0.920810 0.042393 0.036797
0.911607 0.072311 0.016082
0.936677 0.016435 0.046889
0.922445 0.032273 0.045282
0.892459 0.067741 0.039800
0.925393 0.046464 0.028143
0.893271 0.069508 0.037221
0.949376 0.004883 0.045741
0.946075 0.005658 0.048267
0.935495 0.029218 0.035287
0.910540 0.053419 0.036041
0.918288 0.065428 0.016284
0.939561 0.014283 0.046157
0.911209 0.039408 0.049382
0.911921 0.056113 0.031965
0.949360 0.009149 0.041491
0.935567 0.016866 0.047567
0.925106 0.033414 0.041481
0.920417 0.028035 0.051547
0.928217 0.007628 0.064155
0.930881 0.038712 0.030407
0.918029 0.019399 0.062572
0.960685 0.000010 0.039305
0.930250 0.040183 0.029567
0.882853 0.062879 0.054268
0.928786 0.012864 0.058350
0.913632 0.047530 0.038838
0.947633 0.005816 0.046550
0.930882 0.013850 0.055268
0.931725 0.016894 0.051381
0.958781 0.034686 0.006533
0.884637 0.077367 0.037996
0.904998 0.060122 0.034880
0.926268 0.021421 0.052311
0.939821 0.033735 0.026444
0.927824 0.010998 0.061179
0.967916 0.002022 0.030062
0.917555 0.056196 0.026249
0.908656 0.056584 0.034760
0.942767 0.013883 0.043350
0.953915 0.000048 0.046038
0.478766 0.432852 0.088381
0.518287 0.387200 0.094513
0.531589 0.380898 0.087513
0.489638 0.413762 0.096600
0.421861 0.478334 0.099805
0.651631 0.265204 0.083165
0.655190 0.266919 0.077891
0.514480 0.401413 0.084107
0.467741 0.426915 0.105344
0.508729 0.400479 0.090792
0.619427 0.289266 0.091306
0.947135 0.000010 0.052855
0.960183 0.000010 0.039807
0.919526 0.017831 0.062644
0.940749 0.014324 0.044928
0.924678 0.046397 0.028925
0.697586 0.238484 0.063931
0.499118 0.412783 0.088099
0.523715 0.397161 0.079124
0.508025 0.403149 0.088825
0.914168 0.063218 0.022614
0.741973 0.240548 0.017478
0.707638 0.265468 0.026893
0.717938 0.243904 0.038158
0.744349 0.227709 0.027942
0.711783 0.250972 0.037245
0.712151 0.257093 0.030755
0.745057 0.233574 0.021369
0.766031 0.034297 0.199672
0.876564 0.070289 0.053147
0.865339 0.053204 0.081457
0.878784 0.050533 0.070683
0.885579 0.026238 0.088183
0.816006 0.047036 0.136958
0.757692 0.045393 0.196915
0.862954 0.066449 0.070597
0.824458 0.049889 0.125654
0.850458 0.079716 0.069826
0.867192 0.059795 0.073013
0.856275 0.071602 0.072122
0.842746 0.014499 0.142756
0.846156 0.076867 0.076976
0.862739 0.054337 0.082925
0.869687 0.063545 0.066768
0.848278 0.067014 0.084708
0.846917 0.072048 0.081035
0.881976 0.043314 0.074710
0.843242 0.080156 0.076602
0.721061 0.244659 0.034280
0.741712 0.244395 0.013894
0.772545 0.209319 0.018136
0.738328 0.221837 0.039835
0.755221 0.213092 0.031688
0.708216 0.268649 0.023135
0.910910 0.078827 0.010263
0.733280 0.236542 0.030178
0.695617 0.262939 0.041444
0.726408 0.235285 0.038308
0.911293 0.000010 0.088697
0.837492 0.007253 0.155254
0.833836 0.000010 0.166154
0.863069 0.053436 0.083495
0.893164 0.012191 0.094645
0.953910 0.039299 0.006790
0.954855 0.033473 0.011672
0.956637 0.034834 0.008529
0.964593 0.022291 0.013116
0.961070 0.037658 0.001271
0.954255 0.029306 0.016440
0.937295 0.045722 0.016983
0.980415 0.013120 0.006465
0.751580 0.002958 0.245461
0.741662 0.000010 0.258328
0.789287 0.013703 0.197010
0.616957 0.016097 0.366946
0.952882 0.016551 0.030567
0.936281 0.038423 0.025296
0.814650 0.119721 0.065629
0.957328 0.025704 0.016968
0.806049 0.001177 0.192774
0.788961 0.000010 0.211029
0.777131 0.000135 0.222734
0.770677 0.004914 0.224409
0.953126 0.031722 0.015151
0.949021 0.043851 0.007128
0.949258 0.028019 0.022723
0.948773 0.035017 0.016210
0.951389 0.026289 0.022322
0.961632 0.020286 0.018081
0.964985 0.018468 0.016547
0.961079 0.021577 0.017344
0.962618 0.022389 0.014993
0.934304 0.036976 0.028721
0.797736 0.138153 0.064112
0.937892 0.040703 0.021405
0.939727 0.034183 0.026090
0.934571 0.051294 0.014135
0.947301 0.045409 0.007290
0.969841 0.019766 0.010393
0.949419 0.032716 0.017865
0.961417 0.031484 0.007099
0.964027 0.027627 0.008346
0.957389 0.042601 0.000010
0.949266 0.050724 0.000010
0.955333 0.044657 0.000010
0.949209 0.050781 0.000010
0.931620 0.058218 0.010162
0.954654 0.039564 0.005782
0.952960 0.041227 0.005814
0.938017 0.049260 0.012723
0.932511 0.057713 0.009776
0.956012 0.043978 0.000010
0.958610 0.041380 0.000010
0.945972 0.047336 0.006692
0.969520 0.030470 0.000010
0.955290 0.040293 0.004418
0.950680 0.049310 0.000010
0.954932 0.045058 0.000010
0.959160 0.040830 0.000010
0.950431 0.047727 0.001842
0.965904 0.034086 0.000010
0.951375 0.048615 0.000010
0.950779 0.049211 0.000010
0.962067 0.037923 0.000010
0.962250 0.037740 0.000010
0.982163 0.017827 0.000010
0.760762 0.000010 0.239228
0.772238 0.020797 0.206965
0.754757 0.000010 0.245233
0.794254 0.000010 0.205736
0.879127 0.015698 0.105175
0.878298 0.031688 0.090014
0.898792 0.093252 0.007956
0.950826 0.043014 0.006160
0.805580 0.161230 0.033190
0.060688 0.881491 0.057821
0.946256 0.049517 0.004226
0.948595 0.049189 0.002216
0.257663 0.662181 0.080156
0.281521 0.643273 0.075206
0.334665 0.577867 0.087468
0.374191 0.537705 0.088104
0.360684 0.571673 0.067644
0.348350 0.577837 0.073812
0.000010 0.865845 0.134145
0.000010 0.861736 0.138254
0.456767 0.467273 0.075960
0.000010 0.881786 0.118204
0.000010 0.878717 0.121273
0.024452 0.843771 0.131777
0.070455 0.816333 0.113213
0.000010 0.880169 0.119821
0.000010 0.879413 0.120577
0.075324 0.812554 0.112122
0.006747 0.878367 0.114886
0.258057 0.655429 0.086514
0.318248 0.598419 0.083334
0.308591 0.584476 0.106933
0.380391 0.541605 0.078003
0.258156 0.638541 0.103303
0.308407 0.602955 0.088638
0.950053 0.046946 0.003001
0.282800 0.617954 0.099246
0.250657 0.648132 0.101211
0.323161 0.581812 0.095027
0.323207 0.587544 0.089248
0.270060 0.620621 0.109319
0.123613 0.767209 0.109178
0.152820 0.738341 0.108839
0.598755 0.352570 0.048675
0.096397 0.778960 0.124644
0.066801 0.815174 0.118025
0.236578 0.650358 0.113064
0.472711 0.455913 0.071376
0.317070 0.599159 0.083770
0.403752 0.520710 0.075538
0.936804 0.040158 0.023038
0.883853 0.106229 0.009919
0.884155 0.101397 0.014447
0.878906 0.105239 0.015856
0.887209 0.103590 0.009201
0.874554 0.125436 0.000010
0.859786 0.128909 0.011304
0.880223 0.114748 0.005030
0.872740 0.123929 0.003331
0.883677 0.108267 0.008057
0.863633 0.123720 0.012647
0.896175 0.098544 0.005281
0.876673 0.112124 0.011203
0.913709 0.075122 0.011168
0.898077 0.101429 0.000494
0.857493 0.132919 0.009588
0.854824 0.135029 0.010147
0.869247 0.126087 0.004667
0.889507 0.110483 0.000010
0.869862 0.121437 0.008701
0.866723 0.120417 0.012860
0.882182 0.113728 0.004090
0.924158 0.071996 0.003846
0.904689 0.088626 0.006685
0.873204 0.126786 0.000010
0.858580 0.137899 0.003521
0.868415 0.122415 0.009170
0.883240 0.116750 0.000010
0.881071 0.112662 0.006267
0.862704 0.126199 0.011097
0.893341 0.093931 0.012729
0.901159 0.098831 0.000010
0.883595 0.116395 0.000010
0.886975 0.108578 0.004446
0.863848 0.131206 0.004946
0.882674 0.108996 0.008330
0.889898 0.105921 0.004182
0.867117 0.132164 0.000719
0.880347 0.119643 0.000010
0.908560 0.085925 0.005515
0.880994 0.110494 0.008512
0.881774 0.107027 0.011199
0.869647 0.116794 0.013559
0.872036 0.117774 0.010190
0.899212 0.100778 0.000010
0.869388 0.120077 0.010535
0.878481 0.117005 0.004514
0.893688 0.097434 0.008878
0.882955 0.114340 0.002706
0.891902 0.103148 0.004951
0.879655 0.097956 0.022390
0.864065 0.125264 0.010671
0.857630 0.135713 0.006657
0.877316 0.113911 0.008773
0.872315 0.124750 0.002935
0.855142 0.129529 0.015329
0.895887 0.081411 0.022702
0.872900 0.127090 0.000010
0.917768 0.080789 0.001443
0.879696 0.107209 0.013095
0.938304 0.049769 0.011927
0.867107 0.131727 0.001166
0.867093 0.124067 0.008840
0.877391 0.112870 0.009739
0.866905 0.129360 0.003735
0.862696 0.125227 0.012077
0.866390 0.124609 0.009001
0.866963 0.130782 0.002256
0.890077 0.099893 0.010030
0.892310 0.094500 0.013189
0.894659 0.099309 0.006032
0.876011 0.115640 0.008350
0.915256 0.067050 0.017693
0.866325 0.119604 0.014071
0.847191 0.140013 0.012796
0.860839 0.124929 0.014232
0.875011 0.115833 0.009156
0.868595 0.131395 0.000010
0.884504 0.107478 0.008018
0.889676 0.110314 0.000010
0.893987 0.100599 0.005414
0.913512 0.076824 0.009664
0.670239 0.300102 0.029659
0.688071 0.273477 0.038452
0.659610 0.283162 0.057228
0.650031 0.314655 0.035314
0.677778 0.292283 0.029939
0.662577 0.284685 0.052738
0.700906 0.263399 0.035696
0.689323 0.276473 0.034204
0.672189 0.303224 0.024586
0.665294 0.296847 0.037859
0.630308 0.332994 0.036698
0.665378 0.292621 0.042001
0.666579 0.307415 0.026006
0.653451 0.311737 0.034812
0.676373 0.297595 0.026032
0.608103 0.340131 0.051766
0.381112 0.521595 0.097293
0.369180 0.537631 0.093189
0.357866 0.548372 0.093762
0.432890 0.472156 0.094954
0.326389 0.569174 0.104437
0.388586 0.513068 0.098346
0.381047 0.511768 0.107185
0.348896 0.540795 0.110309
0.331802 0.570418 0.097780
0.338253 0.565804 0.095943
0.331513 0.557695 0.110792
0.352452 0.554793 0.092755
0.352542 0.540698 0.106760
0.361318 0.532851 0.105831
0.339417 0.560253 0.100330
0.282983 0.598790 0.118227
0.310180 0.585828 0.103992
0.296590 0.590762 0.112647
0.329056 0.587773 0.083171
0.348567 0.549093 0.102340
0.322907 0.575885 0.101208
0.382437 0.527575 0.089988
0.309447 0.591892 0.098661
0.320188 0.568608 0.111204
0.328294 0.572419 0.099287
0.283780 0.595907 0.120313
0.275674 0.608046 0.116280
0.328069 0.554155 0.117776
0.011642 0.867481 0.120877
0.000010 0.892219 0.107771
0.272942 0.626896 0.100162
0.287895 0.603332 0.108773
0.322083 0.585819 0.092098
0.334350 0.561409 0.104242
0.865884 0.134106 0.000010
0.337710 0.567664 0.094626
0.382244 0.539298 0.078458
0.242223 0.652581 0.105196
0.333835 0.554558 0.111608
0.321931 0.577589 0.100480
0.269072 0.616394 0.114534
0.256027 0.628551 0.115422
0.574740 0.333346 0.091914
0.660510 0.272966 0.066524
0.649410 0.273540 0.077049
0.592851 0.327264 0.079885
0.343746 0.592505 0.063749
0.772688 0.198945 0.028367
0.308393 0.614385 0.077221
0.189091 0.722612 0.088297
0.180759 0.725611 0.093629
0.103335 0.790455 0.106210
0.285209 0.634305 0.080486
0.186520 0.708279 0.105201
0.916547 0.083443 0.000010
0.960026 0.039964 0.000010
0.922760 0.077230 0.000010
0.930768 0.069222 0.000010
0.916579 0.083411 0.000010
0.936035 0.063955 0.000010
0.948219 0.050109 0.001672
0.947321 0.052669 0.000010
0.932678 0.067312 0.000010
0.943226 0.056764 0.000010
0.938941 0.055325 0.005734
0.924468 0.075522 0.000010
0.934941 0.065049 0.000010
0.928119 0.066529 0.005352
0.000010 0.999980 0.000010
0.000010 0.999980 0.000010
0.000010 0.999980 0.000010
0.000010 0.999980 0.000010
0.000010 0.999980 0.000010
0.000010 0.999980 0.000010
0.000010 0.999980 0.000010
0.000010 0.999980 0.000010
0.000010 0.999980 0.000010
0.000010 0.999980 0.000010
0.000010 0.999980 0.000010
0.000010 0.999980 0.000010
0.000010 0.999980 0.000010
0.000010 0.999980 0.000010
0.000010 0.999980 0.000010
0.000010 0.999980 0.000010
0.000010 0.999980 0.000010
0.000010 0.999980 0.000010
0.000010 0.999980 0.000010
0.000010 0.999980 0.000010
0.000010 0.999980 0.000010
0.000010 0.999980 0.000010
0.000010 0.999980 0.000010
0.000010 0.999980 0.000010
0.000010 0.999980 0.000010
0.000010 0.999980 0.000010
0.000010 0.999980 0.000010
0.000011 0.999979 0.000010
0.000010 0.999980 0.000010
0.000010 0.999980 0.000010
0.000010 0.999980 0.000010
0.000010 0.999980 0.000010
0.000010 0.999980 0.000010
0.000010 0.999980 0.000010
0.000010 0.999980 0.000010
0.000010 0.999980 0.000010
0.000010 0.999980 0.000010
0.000010 0.999980 0.000010
0.000010 0.999980 0.000010
0.000010 0.999980 0.000010
0.000010 0.999980 0.000010
0.000010 0.999980 0.000010
0.000010 0.999980 0.000010
0.000010 0.999980 0.000010
0.000010 0.999980 0.000010
0.000010 0.999980 0.000010
0.000010 0.999980 0.000010
0.000010 0.999980 0.000010
0.000010 0.999980 0.000010
0.000017 0.999973 0.000010
0.000010 0.999980 0.000010
0.000010 0.999980 0.000010
0.048220 0.929711 0.022069
0.000010 0.999980 0.000010
0.000010 0.999980 0.000010
0.000010 0.999980 0.000010
0.000010 0.999980 0.000010
0.000010 0.999980 0.000010
0.000010 0.999980 0.000010
0.000010 0.999980 0.000010
0.000010 0.999980 0.000010
0.000010 0.999980 0.000010
0.000010 0.999980 0.000010
0.000010 0.999980 0.000010
0.000010 0.999980 0.000010
0.000010 0.999980 0.000010
0.000010 0.999980 0.000010
0.000010 0.999980 0.000010
0.000010 0.999980 0.000010
0.000010 0.999980 0.000010
0.000010 0.999980 0.000010
0.000010 0.999980 0.000010
0.000010 0.999980 0.000010
0.000010 0.999980 0.000010
0.000010 0.999980 0.000010
0.000010 0.999980 0.000010
0.000010 0.999980 0.000010
0.000010 0.999980 0.000010
0.000010 0.999980 0.000010
0.000010 0.999980 0.000010
0.000010 0.999980 0.000010
0.000010 0.999980 0.000010
0.000010 0.999980 0.000010
0.000010 0.999980 0.000010
0.000010 0.999980 0.000010
0.000010 0.999980 0.000010
0.000010 0.999980 0.000010
0.000010 0.999980 0.000010
0.000010 0.999980 0.000010
0.000010 0.999980 0.000010
0.000010 0.999980 0.000010
0.000010 0.999980 0.000010
0.000010 0.999980 0.000010
0.000010 0.999980 0.000010
0.000010 0.999980 0.000010
0.000010 0.999980 0.000010
0.000010 0.999980 0.000010
0.000010 0.999980 0.000010
0.000010 0.999980 0.000010
0.000010 0.999980 0.000010
0.000010 0.999980 0.000010
0.000010 0.999980 0.000010
0.000010 0.999980 0.000010
0.000010 0.999980 0.000010
0.000010 0.999980 0.000010
0.000010 0.999980 0.000010
0.000010 0.999980 0.000010
0.000010 0.999980 0.000010
0.000010 0.999980 0.000010
0.000010 0.999980 0.000010
0.000010 0.999980 0.000010
0.000010 0.999980 0.000010
0.000010 0.999980 0.000010
0.018323 0.925485 0.056192
0.004613 0.932836 0.062551
0.035657 0.914790 0.049553
0.008703 0.931125 0.060172
0.021117 0.874015 0.104868
0.003178 0.877226 0.119596
0.005839 0.885540 0.108620
0.000010 0.891841 0.108149
0.007675 0.878551 0.113773
0.005953 0.876731 0.117317
0.000010 0.879764 0.120226
0.000010 0.888874 0.111116
0.007190 0.919698 0.073112
0.015985 0.931510 0.052505
0.023871 0.915690 0.060439
0.028901 0.919342 0.051757
0.000632 0.931572 0.067796
0.024664 0.916917 0.058418
0.002464 0.930430 0.067107
0.013854 0.925334 0.060812
0.008427 0.931770 0.059803
0.013486 0.924692 0.061822
0.018901 0.920110 0.060989
0.011898 0.922014 0.066088
0.018362 0.921216 0.060422
0.001838 0.925399 0.072763
0.017638 0.908866 0.073497
0.021351 0.917264 0.061386
0.000010 0.891021 0.108969
0.000010 0.876950 0.123040
0.002243 0.892786 0.104971
0.001377 0.889809 0.108814
0.000010 0.884070 0.115920
0.000010 0.882518 0.117472
0.005262 0.874251 0.120487
0.005487 0.885456 0.109057
0.000010 0.883537 0.116453
0.004172 0.879219 0.116609
0.000010 0.877052 0.122938
0.000540 0.887365 0.112095
0.000010 0.882423 0.117567
0.000010 0.884573 0.115417
0.001303 0.881761 0.116935
0.000010 0.884813 0.115177
0.000010 0.890874 0.109116
0.000092 0.879014 0.120894
0.004890 0.898449 0.096661
0.011828 0.884894 0.103278
0.000010 0.883242 0.116748
0.006060 0.877998 0.115942
0.003437 0.888963 0.107600
0.013405 0.890873 0.095722
0.001253 0.876741 0.122006
0.000010 0.999980 0.000010
0.000010 0.999980 0.000010
0.000010 0.999980 0.000010
0.000010 0.999980 0.000010
0.000010 0.999980 0.000010
0.000010 0.999980 0.000010
0.000010 0.999980 0.000010
0.000010 0.999980 0.000010
0.000010 0.999980 0.000010
0.000010 0.999980 0.000010
0.000010 0.999980 0.000010
0.000010 0.999980 0.000010
0.000010 0.999980 0.000010
0.000010 0.999980 0.000010
0.000010 0.999980 0.000010
0.000011 0.999979 0.000010
0.000010 0.999980 0.000010
0.000010 0.999980 0.000010
0.000010 0.999980 0.000010
0.000010 0.999980 0.000010
0.000010 0.999980 0.000010
0.000010 0.999980 0.000010
0.000010 0.999980 0.000010
0.001782 0.998208 0.000010
0.000010 0.999980 0.000010
0.000010 0.999980 0.000010
0.000010 0.999980 0.000010
0.000010 0.999980 0.000010
0.000010 0.999980 0.000010
0.000010 0.999980 0.000010
0.000010 0.999980 0.000010
0.000010 0.999980 0.000010
0.000010 0.999980 0.000010
0.000010 0.999980 0.000010
0.000018 0.999972 0.000010
0.000010 0.999980 0.000010
0.000010 0.999980 0.000010
0.000010 0.999980 0.000010
0.000010 0.999980 0.000010
0.000010 0.999980 0.000010
0.000010 0.999980 0.000010
0.000010 0.999980 0.000010
0.000010 0.999980 0.000010
0.039657 0.931148 0.029196
0.048122 0.925497 0.026381
0.024917 0.803989 0.171094
0.909392 0.073529 0.017079
0.850312 0.108621 0.041067
0.926244 0.032123 0.041632
0.924509 0.046759 0.028732
0.929938 0.035513 0.034549
0.871698 0.088207 0.040095
0.856599 0.098034 0.045367
0.916944 0.037676 0.045380
0.926643 0.024261 0.049095
0.919191 0.050174 0.030635
0.927135 0.056538 0.016327
0.904645 0.048744 0.046611
0.897431 0.072816 0.029753
0.931264 0.047072 0.021665
0.875291 0.069131 0.055579
0.915193 0.055063 0.029744
0.946844 0.032081 0.021074
0.928245 0.022736 0.049019
0.918503 0.037449 0.044048
0.870812 0.082624 0.046564
0.882315 0.082841 0.034844
0.867943 0.092411 0.039646
0.865049 0.098352 0.036599
0.865965 0.083612 0.050424
0.902963 0.055684 0.041353
0.895438 0.036354 0.068207
0.935902 0.036992 0.027106
0.858184 0.100680 0.041137
0.929402 0.037763 0.032835
0.928120 0.033875 0.038006
0.894388 0.076524 0.029088
0.875995 0.090248 0.033757
0.762204 0.178520 0.059277
0.724695 0.205065 0.070240
0.672278 0.249991 0.077731
0.905860 0.072631 0.021509
0.894046 0.067195 0.038759
0.893542 0.085904 0.020554
0.922286 0.052280 0.025434
0.943194 0.030271 0.026535
0.913108 0.037452 0.049441
0.777169 0.163986 0.058845
0.905412 0.071750 0.022838
0.915658 0.053939 0.030403
0.905523 0.059712 0.034766
0.720383 0.207042 0.072575
0.875222 0.079044 0.045733
0.867213 0.095421 0.037366
0.852641 0.104668 0.042690
0.850987 0.112635 0.036379
0.883984 0.072609 0.043407
0.869780 0.095602 0.034618
0.910807 0.057364 0.031829
0.917694 0.060656 0.021650
0.910762 0.060565 0.028672
0.920232 0.038840 0.040929
0.683518 0.239056 0.077426
0.679481 0.241144 0.079375
0.725315 0.195631 0.079054
0.739408 0.188198 0.072394
0.905147 0.059634 0.035219
0.914251 0.061081 0.024668
0.900655 0.060766 0.038580
0.907328 0.062899 0.029773
0.918797 0.026396 0.054808
0.932737 0.029632 0.037631
0.934589 0.030130 0.035280
0.930218 0.049166 0.020616
0.642338 0.283358 0.074304
0.700356 0.228209 0.071435
0.746093 0.186992 0.066915
0.766399 0.144905 0.088696
0.766708 0.166898 0.066393
0.692327 0.227874 0.079799
0.645167 0.283638 0.071194
0.607506 0.297147 0.095347
0.871834 0.113375 0.014791
0.901543 0.085084 0.013374
0.860629 0.129976 0.009394
0.874375 0.123542 0.002083
0.753531 0.168242 0.078226
0.763735 0.151241 0.085024
0.790046 0.157450 0.052504
0.746984 0.160508 0.092507
0.683517 0.250988 0.065495
0.877295 0.108152 0.014553
0.874000 0.107427 0.018573
0.871861 0.114196 0.013943
0.877549 0.114480 0.007970
0.760104 0.157726 0.082170
0.762478 0.168752 0.068770
0.751657 0.173883 0.074461
0.778119 0.155297 0.066584
0.755587 0.184940 0.059473
0.775428 0.164569 0.060003
0.885534 0.102167 0.012299
0.898923 0.088206 0.012870
0.860084 0.125074 0.014842
0.905849 0.086845 0.007306
0.872701 0.108961 0.018338
0.881223 0.110560 0.008216
0.894120 0.096211 0.009668
0.732685 0.192461 0.074854
0.772342 0.175106 0.052552
0.699261 0.245027 0.055713
0.756395 0.192359 0.051246
0.683532 0.255836 0.060632
0.678015 0.260311 0.061674
0.784614 0.169762 0.045624
0.755449 0.196212 0.048338
0.766419 0.176423 0.057158
0.674825 0.260637 0.064537
0.612503 0.322274 0.065223
0.716126 0.219158 0.064717
0.754320 0.193319 0.052361
0.720656 0.216055 0.063289
0.729480 0.215811 0.054710
0.713873 0.239663 0.046464
0.740604 0.206258 0.053139
0.806207 0.150638 0.043155
0.958123 0.038887 0.002990
0.957139 0.038564 0.004297
0.950472 0.033659 0.015869
0.951886 0.048104 0.000010
0.960266 0.037057 0.002678
0.947205 0.043116 0.009679
0.943798 0.046470 0.009732
0.937558 0.058794 0.003648
0.930229 0.062109 0.007663
0.948183 0.042984 0.008833
0.953497 0.046493 0.000010
0.943376 0.048114 0.008510
0.930986 0.040554 0.028460
0.953999 0.024498 0.021503
0.972278 0.010763 0.016959
0.961892 0.024447 0.013661
0.961789 0.023362 0.014850
0.953518 0.034322 0.012160
0.959305 0.014457 0.026238
0.956528 0.027834 0.015639
0.952642 0.028186 0.019172
0.938427 0.030170 0.031402
0.942666 0.032984 0.024350
0.956004 0.025847 0.018149
0.940194 0.043167 0.016639
0.951833 0.048157 0.000010
0.941561 0.053446 0.004992
0.955875 0.044115 0.000010
0.939202 0.056103 0.004695
0.933961 0.057706 0.008333
0.938660 0.059697 0.001642
0.961582 0.026457 0.011961
0.942509 0.052336 0.005155
0.877977 0.082597 0.039426
0.861412 0.093885 0.044702
0.876060 0.102845 0.021094
0.890475 0.077589 0.031936
0.860430 0.091347 0.048222
0.875920 0.073412 0.050668
0.854149 0.103014 0.042837
0.866537 0.088419 0.045044
0.876039 0.074888 0.049073
0.858084 0.093956 0.047960
0.901342 0.063020 0.035637
0.838146 0.109087 0.052767
0.856521 0.085493 0.057986
0.849558 0.097383 0.053058
0.882212 0.073424 0.044363
0.868001 0.080561 0.051438
0.855359 0.110461 0.034180
0.861936 0.092000 0.046064
0.863427 0.104462 0.032111
0.849696 0.105912 0.044392
0.862782 0.091508 0.045710
0.852569 0.086046 0.061385
0.871539 0.093430 0.035031
0.871767 0.084884 0.043349
0.854108 0.089376 0.056517
0.873596 0.094957 0.031448
0.885091 0.067770 0.047139
0.831353 0.124716 0.043931
0.918687 0.017745 0.063568
0.944498 0.012450 0.043052
0.925882 0.014797 0.059321
0.938527 0.007185 0.054288
0.935219 0.018832 0.045949
0.921929 0.019841 0.058231
0.922630 0.006607 0.070763
0.934664 0.001659 0.063677
0.930687 0.005150 0.064163
0.934490 0.012968 0.052542
0.944508 0.005370 0.050122
0.916395 0.024422 0.059183
0.945789 0.014237 0.039974
0.943956 0.001852 0.054192
0.928239 0.017672 0.054089
0.924741 0.025095 0.050164
0.883255 0.070645 0.046100
0.968037 0.000010 0.031953
0.956147 0.000010 0.043843
0.969590 0.000010 0.030400
0.974450 0.000010 0.025540
0.965268 0.000010 0.034722
0.955557 0.000010 0.044433
0.970165 0.000010 0.029825
0.971688 0.000010 0.028302
0.973479 0.000010 0.026511
0.966648 0.000010 0.033342
0.964558 0.000010 0.035432
0.974316 0.000010 0.025674
0.959401 0.000010 0.040589
0.976392 0.000010 0.023598
0.972790 0.000010 0.027200
0.976279 0.021007 0.002714
0.976727 0.023263 0.000010
0.971726 0.025669 0.002606
0.977479 0.018422 0.004099
0.973424 0.017926 0.008651
0.971794 0.023432 0.004774
0.962581 0.027963 0.009456
0.966023 0.022916 0.011060
0.951266 0.032977 0.015757
0.968325 0.031189 0.000486
0.969265 0.030725 0.000010
0.976818 0.023017 0.000166
0.979858 0.020132 0.000010
0.977367 0.017935 0.004698
0.980372 0.019618 0.000010
0.956367 0.022823 0.020810
0.949081 0.020960 0.029960
0.957233 0.016457 0.026310
0.958281 0.011656 0.030063
0.961166 0.019882 0.018951
0.954104 0.017706 0.028190
0.975555 0.007617 0.016828
0.960344 0.012106 0.027550
0.959943 0.014953 0.025105
0.954386 0.022135 0.023480
0.975394 0.005749 0.018857
0.952240 0.024266 0.023494
0.954268 0.013297 0.032435
0.964400 0.010942 0.024658
0.945440 0.020581 0.033979
0.969442 0.030548 0.000010
0.947622 0.050627 0.001751
0.964840 0.021632 0.013528
0.992959 0.007031 0.000010
0.973324 0.017827 0.008850
0.978626 0.016431 0.004943
0.978037 0.020559 0.001404
0.952340 0.029683 0.017977
0.958869 0.031854 0.009276
0.971797 0.027517 0.000686
0.975884 0.017465 0.006651
0.986971 0.013019 0.000010
0.976198 0.017026 0.006775
0.966983 0.020685 0.012331
0.954141 0.045553 0.000306
0.859972 0.132411 0.007618
0.895168 0.095805 0.009027
0.887948 0.112042 0.000010
0.891037 0.108953 0.000010
0.900411 0.096042 0.003547
0.869737 0.108085 0.022178
0.880890 0.119100 0.000010
0.884058 0.109004 0.006938
0.893279 0.106711 0.000010
0.883150 0.116461 0.000389
0.888658 0.111332 0.000010
0.888883 0.107309 0.003808
0.939856 0.013253 0.046891
0.942750 0.006707 0.050543
0.959778 0.009120 0.031102
0.970696 0.000010 0.029294
0.952103 0.017244 0.030653
0.976030 0.004395 0.019575
0.949199 0.006140 0.044661
0.972235 0.000010 0.027755
0.950728 0.026563 0.022709
0.972168 0.000010 0.027822
0.984013 0.015977 0.000010
0.973197 0.005619 0.021184
0.007130 0.003660 0.989210
0.021713 0.000010 0.978277
0.014403 0.000450 0.985147
0.027869 0.000010 0.972121
0.000010 0.007153 0.992837
0.000848 0.005656 0.993496
0.000954 0.006428 0.992618
0.013609 0.000010 0.986381
0.000806 0.000010 0.999184
0.002628 0.000010 0.997362
0.011889 0.001522 0.986588
0.007900 0.000010 0.992090
0.001903 0.828410 0.169686
0.000010 0.823670 0.176320
0.000010 0.825927 0.174063
0.000010 0.827820 0.172170
0.001606 0.828291 0.170103
0.010150 0.830788 0.159063
0.000010 0.832769 0.167221
0.005905 0.823522 0.170573
0.002062 0.835236 0.162702
0.011415 0.818127 0.170458
0.005879 0.822224 0.171897
0.003775 0.831520 0.164705
0.058954 0.014308 0.926738
0.033798 0.009867 0.956335
0.035849 0.003900 0.960251
0.044720 0.001723 0.953557
0.040049 0.002582 0.957368
0.030363 0.010473 0.959164
0.029404 0.010508 0.960088
0.017316 0.010513 0.972171
0.047098 0.000010 0.952892
0.052336 0.001807 0.945857
0.029915 0.007896 0.962188
0.042821 0.006763 0.950416
0.974999 0.000010 0.024991
0.965038 0.015124 0.019838
0.963713 0.012153 0.024135
0.970691 0.000010 0.029299
0.960591 0.008653 0.030756
0.977292 0.005444 0.017263
0.964808 0.005141 0.030051
0.957183 0.010680 0.032137
0.959100 0.006278 0.034622
0.966007 0.013743 0.020249
0.969452 0.005241 0.025306
0.966767 0.003754 0.029479
0.533233 0.375354 0.091413
0.417543 0.509286 0.073171
0.153970 0.718820 0.127210
0.101569 0.754763 0.143668
0.930272 0.062668 0.007060
0.936398 0.063592 0.000010
0.790828 0.150054 0.059118
0.763066 0.177986 0.058948
0.920469 0.064277 0.015253
0.782590 0.179387 0.038023
0.807316 0.176625 0.016059
0.215798 0.653855 0.130347
0.565070 0.379730 0.055199
0.119173 0.740263 0.140564
0.960633 0.038206 0.001161
0.943747 0.055822 0.000431
0.784049 0.163016 0.052934
0.739919 0.192136 0.067944
0.884273 0.080857 0.034870
0.772346 0.188769 0.038885
0.806294 0.166204 0.027502
0.235418 0.663953 0.100629
0.374894 0.557109 0.067998
0.107490 0.767175 0.125336
0.908394 0.081779 0.009827
0.947902 0.052088 0.000010
0.808355 0.145755 0.045891
0.823853 0.133702 0.042445
0.885360 0.078910 0.035730
0.763071 0.196879 0.040050
0.770578 0.194249 0.035173
0.264171 0.625165 0.110664
0.344315 0.567660 0.088025
0.132115 0.741759 0.126126
0.136369 0.734516 0.129116
0.922872 0.064238 0.012890
0.916745 0.078753 0.004502
0.766645 0.173301 0.060054
0.818895 0.136788 0.044317
0.912942 0.047461 0.039598
0.765796 0.200406 0.033797
0.816559 0.149875 0.033566
0.250801 0.648694 0.100505
0.353300 0.556378 0.090322
0.117865 0.747754 0.134381
0.930685 0.069305 0.000010
0.912320 0.075455 0.012225
0.791010 0.152429 0.056561
0.925071 0.022560 0.052369
0.878901 0.080690 0.040409
0.729136 0.226398 0.044466
0.722177 0.239812 0.038010
0.296117 0.606253 0.097630
0.365145 0.540124 0.094731
0.107964 0.751631 0.140405
0.135829 0.736970 0.127200
0.914080 0.072596 0.013324
0.924548 0.069044 0.006408
0.790323 0.145657 0.064020
0.764725 0.172686 0.062589
0.891077 0.040090 0.068833
0.901088 0.071654 0.027258
0.771309 0.185851 0.042840
0.815867 0.163483 0.020650
0.198131 0.681355 0.120513
0.377123 0.542409 0.080468
0.135056 0.737088 0.127857
0.944884 0.055106 0.000010
0.939122 0.060868 0.000010
0.832737 0.120033 0.047230
0.917919 0.034392 0.047689
0.867527 0.096517 0.035956
0.756853 0.216612 0.026535
0.801991 0.165291 0.032718
0.347478 0.569027 0.083495
0.160552 0.711278 0.128171
0.855175 0.124373 0.020452
0.935271 0.064719 0.000010
0.806422 0.134809 0.058769
0.918427 0.037176 0.044397
0.906763 0.048744 0.044493
0.853889 0.137032 0.009079
0.788307 0.000010 0.211683
0.777758 0.022011 0.200231
0.770398 0.005888 0.223714
0.824694 0.000010 0.175296
0.806360 0.117063 0.076577
0.862816 0.070663 0.066520
0.905063 0.035472 0.059466
0.908119 0.018385 0.073496
0.786795 0.118968 0.094238
0.850060 0.094660 0.055280
0.791622 0.115160 0.093218
0.809751 0.092518 0.097731
0.886318 0.056975 0.056707
0.879073 0.025025 0.095902
0.846768 0.021455 0.131778
0.772984 0.005458 0.221559
0.783459 0.002935 0.213606
0.754445 0.000119 0.245436
0.789175 0.000010 0.210815
0.782133 0.000010 0.217857
0.771059 0.000529 0.228412
0.889742 0.048767 0.061491
0.679429 0.238120 0.082451
0.875238 0.064979 0.059782
0.849969 0.084968 0.065062
0.713044 0.052644 0.234312
0.744950 0.058728 0.196321
0.785512 0.001889 0.212599
0.889854 0.021839 0.088307
0.865213 0.029049 0.105739
0.894024 0.017348 0.088628
0.907251 0.008603 0.084146
0.825443 0.000010 0.174547
0.921382 0.006583 0.072035
0.812656 0.030896 0.156449
0.648734 0.026205 0.325060
0.922137 0.004936 0.072927
0.792976 0.000010 0.207014
0.939235 0.000010 0.060755
0.919597 0.009592 0.070811
0.917801 0.000010 0.082189
0.805137 0.010244 0.184619
0.726207 0.058974 0.214819
0.941365 0.008889 0.049746
0.929524 0.000010 0.070466
0.850495 0.018194 0.131311
0.951144 0.001087 0.047770
0.877098 0.003693 0.119208
0.873591 0.027883 0.098526
0.834861 0.011290 0.153849
0.885931 0.000010 0.114059
0.880006 0.026095 0.093898
0.907835 0.012576 0.079589
0.932914 0.000010 0.067076
0.835310 0.058601 0.106089
0.891891 0.010113 0.097996
0.901605 0.007303 0.091091
0.951157 0.005436 0.043407
0.688587 0.011736 0.299677
0.929359 0.000010 0.070631
0.921642 0.010975 0.067383
0.907000 0.008450 0.084550
0.859094 0.008371 0.132535
0.944310 0.000010 0.055680
0.838724 0.057377 0.103899
0.939591 0.000010 0.060399
0.771151 0.129168 0.099681
0.880805 0.053957 0.065238
0.804746 0.044892 0.150362
0.718831 0.009293 0.271876
0.776198 0.000759 0.223043
0.761924 0.009348 0.228728
0.760488 0.000010 0.239502
0.790392 0.000010 0.209598
0.773983 0.001929 0.224088
0.785623 0.002788 0.211590
0.730785 0.010500 0.258716
0.758711 0.000602 0.240687
0.724606 0.005987 0.269407
0.772631 0.000010 0.227359
0.737748 0.000010 0.262242
0.794940 0.003909 0.201151
0.757239 0.006652 0.236109
0.028651 0.800112 0.171236
0.030931 0.784322 0.184748
0.016211 0.789128 0.194661
0.021296 0.791576 0.187128
0.028729 0.789479 0.181791
0.009140 0.799031 0.191829
0.012802 0.797041 0.190157
0.025957 0.786971 0.187072
0.039672 0.776543 0.183785
0.017567 0.801419 0.181013
0.014178 0.789757 0.196065
0.022591 0.795270 0.182139
0.023735 0.811454 0.164810
0.000010 0.834283 0.165707
0.022338 0.819520 0.158142
0.001769 0.810859 0.187372
0.000010 0.839792 0.160198
0.005940 0.821668 0.172393
0.000010 0.824497 0.175493
0.012111 0.818339 0.169551
0.009457 0.823358 0.167185
0.013462 0.821882 0.164656
0.012287 0.810205 0.177508
0.001902 0.820455 0.177643
0.638025 0.234573 0.127403
0.652990 0.226259 0.120751
0.675059 0.219345 0.105597
0.624599 0.240740 0.134661
0.709519 0.197029 0.093451
0.582540 0.277976 0.139484
0.642401 0.238667 0.118932
0.565774 0.290453 0.143773
0.646654 0.239254 0.114092
0.610466 0.262450 0.127084
0.649464 0.238635 0.111901
0.612941 0.248999 0.138060
0.080383 0.919607 0.000010
0.132404 0.856627 0.010969
0.134158 0.856481 0.009360
0.073064 0.926926 0.000010
0.170463 0.829112 0.000425
0.255218 0.744772 0.000010
0.460124 0.351386 0.188490
0.369543 0.491729 0.138728
0.307112 0.485240 0.207649
0.667947 0.227020 0.105033
0.556362 0.297578 0.146060
0.522299 0.306110 0.171591
0.541765 0.297739 0.160496
0.493522 0.340142 0.166336
0.123608 0.699604 0.176788
0.691650 0.197896 0.110455
0.282626 0.501943 0.215431
0.583862 0.262679 0.153459
0.326418 0.455157 0.218425
0.444130 0.362404 0.193466
0.406072 0.411259 0.182669
0.137297 0.684864 0.177839
0.544642 0.321703 0.133655
0.565502 0.314155 0.120344
0.333202 0.462308 0.204490
0.731842 0.186391 0.081767
0.402831 0.397229 0.199940
0.630969 0.246300 0.122731
0.410191 0.381835 0.207973
0.022220 0.801511 0.176269
0.320502 0.471233 0.208265
0.329267 0.449906 0.220827
0.539299 0.300387 0.160314
0.292828 0.488285 0.218887
0.619514 0.246776 0.133711
0.644847 0.242906 0.112246
0.612410 0.268698 0.118892
0.019690 0.790490 0.189820
0.190204 0.637163 0.172634
0.515215 0.354058 0.130727
0.188555 0.643710 0.167735
0.229387 0.601072 0.169541
0.339812 0.430230 0.229958
0.621180 0.250369 0.128451
0.561579 0.286766 0.151656
0.484584 0.329034 0.186382
0.647907 0.232996 0.119097
0.416394 0.390825 0.192782
0.660130 0.230880 0.108989
0.031237 0.786155 0.182607
0.618746 0.254530 0.126723
0.506247 0.322676 0.171077
0.154721 0.652951 0.192328
0.543764 0.322250 0.133986
0.558947 0.294325 0.146728
0.675984 0.220874 0.103142
0.076998 0.727719 0.195283
0.442696 0.374540 0.182764
0.673604 0.221202 0.105194
0.664620 0.240739 0.094642
0.255897 0.601351 0.142752
0.274352 0.522758 0.202890
0.502404 0.330820 0.166776
0.008287 0.822053 0.169660
0.578765 0.280310 0.140925
0.803035 0.112954 0.084012
0.303555 0.490534 0.205911
0.643616 0.244848 0.111536
0.000010 0.999980 0.000010
0.000010 0.999980 0.000010
0.032697 0.967293 0.000010
0.000010 0.999980 0.000010
0.000010 0.999980 0.000010
0.004217 0.995773 0.000010
0.008462 0.991528 0.000010
0.000010 0.999980 0.000010
0.000010 0.999980 0.000010
0.014114 0.985876 0.000010
0.146553 0.546569 0.306878
0.144540 0.545688 0.309772
0.150037 0.553465 0.296497
0.149028 0.548694 0.302278
0.138320 0.554569 0.307111
0.162588 0.528848 0.308564
0.145978 0.539774 0.314247
0.146601 0.542458 0.310941
0.148485 0.538496 0.313018
0.164236 0.533996 0.301768
0.180292 0.510496 0.309212
0.166653 0.516357 0.316991
0.144152 0.540613 0.315236
0.191608 0.516123 0.292269
0.163135 0.499102 0.337763
0.150859 0.527231 0.321910
0.107370 0.634514 0.258116
0.089666 0.642329 0.268005
0.182816 0.493146 0.324038
0.175878 0.493631 0.330491
0.198404 0.492299 0.309297
0.189502 0.488988 0.321510
0.000010 0.999980 0.000010
0.181280 0.500493 0.318227
0.153812 0.554870 0.291318
0.148623 0.564874 0.286503
0.136484 0.537866 0.325650
0.970874 0.000562 0.028565
0.971290 0.006355 0.022354
0.964157 0.011782 0.024061
0.164517 0.530728 0.304754
0.259813 0.488884 0.251303
0.271800 0.469950 0.258250
0.146015 0.554362 0.299623
0.153975 0.539657 0.306368
0.131622 0.564463 0.303915
0.132463 0.562171 0.305366
0.144273 0.541601 0.314126
0.135090 0.570177 0.294733
0.142128 0.568670 0.289202
0.000010 0.003348 0.996642
0.000014 0.000010 0.999976
0.000010 0.000010 0.999980
0.000010 0.004530 0.995460
0.001126 0.000010 0.998864
0.000010 0.000010 0.999980
0.000010 0.000010 0.999980
0.000010 0.000010 0.999980
0.000010 0.000010 0.999980
0.000020 0.000010 0.999970
0.000010 0.008237 0.991753
0.000010 0.000010 0.999980
0.000010 0.000010 0.999980
0.000016 0.000010 0.999974
0.000010 0.000010 0.999980
0.000010 0.000010 0.999980
0.000010 0.000010 0.999980
0.000010 0.000010 0.999980
0.000010 0.000010 0.999980
0.280928 0.098193 0.620880
0.000010 0.000010 0.999980
0.042299 0.016863 0.940838
0.000010 0.000010 0.999980
0.000010 0.000010 0.999980
0.000010 0.000010 0.999980
0.014021 0.000010 0.985969
0.000010 0.000010 0.999980
0.000010 0.000010 0.999980
0.000010 0.000010 0.999980
0.000010 0.000010 0.999980
0.000010 0.000010 0.999980
0.000018 0.000010 0.999972
0.007444 0.007789 0.984768
0.065887 0.023251 0.910862
0.031263 0.451204 0.517534
0.025503 0.386253 0.588244
0.030820 0.347627 0.621553
0.055043 0.239579 0.705378
0.027922 0.269739 0.702339
0.032425 0.214590 0.752985
0.039766 0.217609 0.742626
0.040543 0.107801 0.851656
0.031175 0.164380 0.804445
0.023132 0.320755 0.656113
0.032121 0.259205 0.708674
0.037760 0.182374 0.779866
0.019237 0.324345 0.656418
0.163289 0.271820 0.564891
0.030125 0.322118 0.647756
0.035414 0.249608 0.714978
0.011210 0.271159 0.717631
0.026280 0.278841 0.694879
0.045532 0.236510 0.717958
0.035848 0.236328 0.727824
0.033246 0.254953 0.711801
0.032647 0.000010 0.967343
0.037526 0.001009 0.961465
0.000010 0.000010 0.999980
0.061651 0.000010 0.938339
0.065521 0.000010 0.934469
0.961267 0.029476 0.009257
0.936112 0.037466 0.026422
0.931765 0.041615 0.026620
0.955248 0.028774 0.015977
0.967962 0.013909 0.018129
0.944739 0.041047 0.014214
0.957253 0.032115 0.010632
0.966952 0.024409 0.008639
0.967146 0.005255 0.027599
0.961160 0.028942 0.009898
0.955684 0.033362 0.010955
0.916804 0.067035 0.016161
0.935720 0.037798 0.026482
0.937833 0.049533 0.012633
0.961562 0.025174 0.013264
0.963179 0.016532 0.020289
0.950967 0.038168 0.010865
0.949638 0.031625 0.018737
0.944140 0.035404 0.020456
0.958343 0.018021 0.023635
0.950953 0.032760 0.016287
0.968549 0.012255 0.019196
0.920769 0.053118 0.026113
0.885129 0.082902 0.031969
0.955631 0.036991 0.007378
0.965764 0.019610 0.014625
0.942495 0.021167 0.036338
0.962327 0.012515 0.025158
0.970110 0.008208 0.021682
0.986458 0.000010 0.013532
0.031124 0.901709 0.067167
0.019594 0.790527 0.189880
0.026300 0.910772 0.062927
0.469498 0.497491 0.033011
0.030751 0.911803 0.057447
0.031686 0.905500 0.062813
0.014495 0.785257 0.200248
0.219289 0.721370 0.059341
0.231129 0.663949 0.104921
0.493826 0.469884 0.036290
0.353605 0.559019 0.087376
0.020357 0.912254 0.067389
0.352270 0.560344 0.087386
0.330572 0.577292 0.092136
0.248326 0.671196 0.080478
0.023713 0.885722 0.090565
0.025103 0.796100 0.178797
0.489435 0.469309 0.041256
0.014009 0.887573 0.098418
0.017702 0.912935 0.069364
0.014601 0.906609 0.078790
0.258406 0.634731 0.106863
0.013974 0.791178 0.194847
0.322696 0.578379 0.098925
0.327143 0.591187 0.081670
0.028894 0.870378 0.100728
0.115130 0.774692 0.110178
0.039346 0.871643 0.089010
0.039095 0.830127 0.130778
0.019079 0.795257 0.185664
0.026028 0.876413 0.097559
0.032716 0.868566 0.098718
0.028919 0.855593 0.115488
0.027661 0.784809 0.187530
0.218140 0.677441 0.104419
0.033711 0.890432 0.075857
0.028594 0.881503 0.089903
0.013647 0.863063 0.123290
0.123505 0.768312 0.108183
0.091905 0.777613 0.130481
0.392422 0.530441 0.077138
0.000010 0.801701 0.198289
0.023219 0.879330 0.097452
0.027828 0.909490 0.062683
0.017580 0.853467 0.128954
0.135779 0.749856 0.114365
0.392594 0.540809 0.066596
0.005776 0.871406 0.122818
0.126969 0.737253 0.135779
0.042546 0.852098 0.105356
0.145334 0.721014 0.133653
0.406504 0.562537 0.030960
0.001891 0.884076 0.114033
0.360686 0.591184 0.048131
0.000010 0.878897 0.121093
0.031552 0.917294 0.051154
0.140849 0.731671 0.127480
0.371460 0.532757 0.095784
0.017401 0.782414 0.200184
0.020702 0.783507 0.195791
0.030837 0.788803 0.180360
0.124945 0.740792 0.134263
0.001162 0.878636 0.120202
0.023334 0.849884 0.126782
0.000010 0.874527 0.125463
0.363290 0.548068 0.088642
0.008048 0.864571 0.127381
0.057381 0.810413 0.132206
0.353200 0.555886 0.090914
0.000010 0.884262 0.115728
0.000010 0.872033 0.127957
0.032065 0.785639 0.182297
0.513601 0.409953 0.076446
0.257226 0.625602 0.117172
0.031746 0.783025 0.185228
0.138270 0.733906 0.127824
0.026298 0.795716 0.177985
0.036806 0.899278 0.063916
0.047597 0.816906 0.135497
0.000944 0.931721 0.067335
0.196385 0.709252 0.094363
0.000010 0.878065 0.121925
0.000010 0.871866 0.128124
0.140046 0.743694 0.116260
0.002989 0.811565 0.185446
0.000010 0.879667 0.120323
0.031052 0.909832 0.059116
0.270238 0.681380 0.048382
